(21,17.06938,-61.809739)
(33,17.12096,-61.84329)
(60,17.06938,-61.809739)
(78,17.06938,-61.809739)
(86,17.12096,-61.84329)
(89,17.06938,-61.809739)
(99,17.06938,-61.809739)
(111,-34.98515,-58.08922)
(123,-34.47706,-58.50177)
(290,-31.65292,-64.42826)
(336,-34.607357,-58.454595)
(515,-34.607357,-58.454595)
(548,-33.528049,-64.168459)
(565,-38.7196,-62.27243)
(706,-34.46312,-58.53481)
(710,-34.34905,-58.79308)
(733,-34.4113,-58.70139)
(796,-34.607357,-58.454595)
(829,-33.528049,-64.168459)
(847,-28.46957,-65.78524)
(852,-34.607357,-58.454595)
(887,-31.78333,-65.15)
(997,-35.05184,-58.76061)
(1025,-34.17269,-59.78987)
(1059,-34.37533,-59.82279)
(1113,-34.63772,-58.54078)
(1346,-36.488662,-60.283523)
(1369,-34.607357,-58.454595)
(1614,-31.4135,-64.18105)
(1846,-34.49674,-58.63915)
(1869,-31.98564,-59.2778)
(2452,-34.607357,-58.454595)
(2617,-35.65662,-63.75682)
(2688,-32.92864,-68.8351)
(3150,-31.34377,-64.33529)
(3161,-26.12708,-65.0496)
(3374,13.476855,-88.970909)
(3390,-34.92145,-57.95453)
(3811,-34.607357,-58.454595)
(3833,-35.18286,-59.08975)
(3881,-31.4135,-64.18105)
(3999,-34.50316,-58.70596)
(4061,-34.57028,-59.105)
(4071,-31.64751,-63.34323)
(4110,-32.97963,-68.78461)
(4177,-38.00228,-57.55754)
(4527,-34.41427,-58.65171)
(4599,-34.50747,-58.48703)
(4667,-34.8,-60.21667)
(4915,-34.45761,-58.91384)
(5376,-37.895963,-61.483747)
(5388,40.460689,-3.473215)
(5400,-27.46056,-58.98389)
(5485,-34.618493,-58.370293)
(5527,40.460689,-3.473215)
(5537,-34.607357,-58.454595)
(5598,-24.7859,-65.41166)
(5628,-28.93313,-65.09745)
(5677,-41.14557,-71.30822)
(5750,-29.53605,-62.26363)
(5780,-29.53605,-62.26363)
(5817,-34.6766,-58.56058)
(5955,-30.79757,-65.19162)
(5977,-28.50203,-65.66824)
(5990,40.460689,-3.473215)
(6028,-36.61667,-64.28333)
(6316,-37.32167,-59.13316)
(6416,-34.88496,-57.9667)
(6436,-34.46968,-58.75917)
(6516,-31.5375,-68.53639)
(6614,40.460689,-3.473215)
(6631,-34.52947,-58.4737)
(6636,-34.45505,-58.54614)
(6663,-31.29458,-64.29538)
(7070,12.56667,-70.01667)
(7073,12.52398,-70.02703)
(7085,12.49404,-70.0096)
(7161,51.536491,-0.101042)
(7166,26.86667,-77.51667)
(7207,26.530786,-78.630123)
(7229,25.39086,-76.55715)
(7313,25.058230000000002,-77.34306)
(7378,25.54717,-76.76405)
(7433,13.18664,-59.57418)
(7441,13.1527,-59.60391)
(7444,13.04917,-59.53281)
(7447,13.14882,-59.53865)
(7449,13.08631,-59.54779)
(7451,13.21667,-59.51667)
(7457,13.11687,-59.58849)
(7465,13.12562,-59.62559)
(7472,13.08,-59.59071)
(7481,13.15842,-59.59007)
(7483,13.1,-59.61667)
(7486,13.08759,-59.59778)
(7492,13.07145,-59.52753)
(7493,13.12198,-59.51635)
(7494,13.08548,-59.5109)
(7499,13.19541,-59.57633)
(7505,13.13434,-59.62191)
(7507,13.05966,-59.50796)
(7514,13.16882,-59.60524)
(7524,13.18304,-59.56487)
(7542,13.08142,-59.50453)
(7545,13.1,-59.45)
(7550,13.06731,-59.5688)
(7565,13.19185,-59.53329)
(7566,13.12961,-59.50249)
(7571,13.09056,-59.56993)
(7576,13.17794,-59.5907)
(7577,13.05584,-59.53137)
(7579,13.15164,-59.54223)
(7585,13.20677,-59.59177)
(7586,13.17034,-59.55937)
(7595,13.09618,-59.45538)
(7603,13.10282,-59.54358)
(7614,13.266438,-59.626206)
(7620,13.07388,-59.56761)
(7625,13.13892,-59.60659)
(7642,13.07513,-59.59688)
(7647,13.25725,-59.64176)
(7648,13.09005,-59.59541)
(7652,13.16474,-59.62924)
(7654,13.173431,-59.638534)
(7657,13.05774,-59.5183)
(7658,13.17481,-59.5824)
(7663,13.223444,-59.624169)
(7664,13.14864,-59.62302)
(7671,13.223444,-59.624169)
(7682,13.09313,-59.56723)
(7687,13.20317,-59.61905)
(7688,13.18562,-59.63451)
(7694,13.186501,-59.591793)
(7696,13.271504,-59.645557)
(7700,13.22211,-59.64089)
(7713,13.15683,-59.53645)
(7717,13.07287,-59.55976)
(7737,13.15929,-59.47513)
(7741,13.18906,-59.56597)
(7743,13.090775,-59.524293)
(7748,13.07758,-59.53144)
(7749,13.09245,-59.45704)
(7751,13.06667,-59.53333)
(7757,13.120131,-59.603234)
(7762,13.07325,-59.51702)
(7768,13.120131,-59.603234)
(7773,13.20235,-59.63946)
(7774,13.27272,-59.60368)
(7776,13.1544,-59.61862)
(7784,13.08857,-59.57469)
(7785,13.07773,-59.57889)
(7788,13.2652,-59.63334)
(7789,13.10391,-59.45482)
(7799,13.07471,-59.58869)
(7803,13.1367,-59.56836)
(7809,13.07066,-59.57922)
(7813,13.09494,-59.47054)
(7815,13.27801,-59.58939)
(7820,13.17577,-59.6345)
(7828,13.32211,-59.6008)
(7831,13.08333,-59.56215)
(7833,13.16392,-59.60096)
(7837,13.06919,-59.5295)
(7850,13.21699,-59.54135)
(7852,13.11258,-59.55403)
(7853,13.16176,-59.47959)
(7859,13.223444,-59.624169)
(7868,13.15683,-59.53645)
(7878,13.12309,-59.54319)
(7885,13.144115,-59.555728)
(7886,13.17254,-59.59489)
(7891,13.17669,-59.52371)
(7893,13.15683,-59.53645)
(7898,13.08208,-59.57247)
(7907,13.18676,-59.57663)
(7911,13.21672,-59.62021)
(7912,13.215,-59.63864)
(7916,13.09385,-59.5834)
(7922,13.07496,-59.58358)
(7924,13.10274,-59.51206)
(7952,17.498711,-88.188374)
(7954,17.25,-88.76667)
(8005,17.553378,-88.437217)
(8198,17.35458,-88.69183)
(8208,16.51419,-88.36647)
(8269,17.15611,-89.07139)
(8290,17.91598,-87.9659)
(8390,32.38167,-64.67806)
(8458,-16.53333,-68.06667)
(8883,-16.88333,-65.11667)
(9011,-10.91667,-66.88333)
(9107,-17.3895,-66.1568)
(9109,-16.49901,-68.146263)
(9111,-14.86667,-61.45)
(9293,-18.5,-66.53333)
(10528,-17.3895,-66.1568)
(10530,-18.21667,-64.16667)
(11144,-11.24268,-68.25541)
(11147,-16.41667,-68.5)
(11204,-18.28333,-64.21667)
(11306,-16.35,-68.73333)
(14537,-16.46667,-67.46667)
(15074,-16.5,-68.15)
(15131,20.00755,-105.45508)
(15168,-16.35,-67.76667)
(15235,-16.49901,-68.146263)
(15236,-13.8,-66.05)
(15770,-16.58333,-68.11667)
(16145,-13.8,-66.05)
(16391,-16.49901,-68.146263)
(16423,-19.03333,-58.85)
(16900,-16.474198,-68.09104)
(17176,-19.58361,-65.75306)
(17750,-16.640652,-64.661928)
(18001,-13.817846,-65.479928)
(18002,-16.48333,-62.66667)
(18015,-13.93544,-61.83117)
(18125,-17.78333,-62.86667)
(18213,-16.65,-62.68333)
(18260,-18.59302,-64.14491)
(18285,-13.8,-66.05)
(18286,-11.03951,-68.92088)
(18289,-17.8,-63.16667)
(18291,-16.9366,-63.42462)
(18292,-14.65181,-68.59202)
(18293,-17.33367,-61.958507)
(18354,-14.28333,-66.48333)
(18379,-16.28333,-66.93333)
(18621,-16.5,-68.15)
(18641,-21.53549,-64.72956)
(18653,-19.050768,-65.255068)
(18972,-19.48999,-65.33425)
(18973,-21.53549,-64.72956)
(19141,-17.3895,-66.1568)
(19383,-16.640652,-64.661928)
(19387,-16.8,-61.83333)
(19556,-17.53333,-69.03333)
(19628,-16.49901,-68.146263)
(20444,-22.599665,-47.876094)
(20983,-22.731108,-47.308048)
(21365,-5.9,-43.11667)
(21399,-23.505663,-47.580119)
(21486,-22.360505,-47.379946)
(21519,-19.602599,-46.966337)
(21723,-22.580451,-47.163736)
(22975,-15.606321,-39.160825)
(23109,-23.496212,-46.847052)
(23248,-23.560218,-46.651418)
(23332,-19.914319,-43.959502)
(23420,-13.13333,-39.01667)
(23514,-26.874777,-49.091767)
(23965,2.69748,-60.07479)
(24077,-22.950023,-43.183302)
(24118,-14.272758,-53.063447)
(24132,-15.803598,-47.903099)
(25212,-22.904243,-47.109468)
(25313,-8.75,-59.26667)
(25971,-23.532918,-46.830942)
(26241,-4.154029,-38.261825)
(26443,-29.166194,-51.224496)
(26661,-27.087466,-52.623305)
(26773,-14.272758,-53.063447)
(26960,-13.85,-41.26667)
(27181,-21.202226,-47.766472)
(27594,-23.626201,-46.938771)
(27779,-15.579321,-56.10009)
(27865,-22.88333,-46.55)
(27868,-25.459935,-49.280018)
(29927,-27.595267,-48.541812)
(30026,-3.739272,-38.539073)
(30086,-20.539692,-47.385939)
(30776,-16.832383,-49.533489)
(30829,-22.799531,-45.182875)
(30997,-22.875689,-47.216496)
(31287,-23.111564,-47.200582)
(31387,-22.983411,-43.204205)
(31613,-26.919817,-48.685706)
(31826,-23.26916,-47.294405)
(31944,-23.302904,-45.957015)
(31945,-22.95971,-43.36908)
(32070,-23.534537,-46.905517)
(32190,-23.566634,-46.665608)
(32476,-7.159247,-34.858136)
(32745,-21.709879,-43.391265)
(32782,-23.178727,-46.879403)
(33443,-24.890571,-52.473494)
(33528,-22.980404,-43.219846)
(33547,-22.607506,-48.798181)
(33621,-22.576428,-47.409184)
(33734,-23.325554,-51.157232)
(34228,-3.011942,-59.979328)
(34415,-12.40417,-60.60417)
(34867,-3.58333,-38.81667)
(35264,-23.504678,-46.202374)
(35308,-20.852156,-50.091497)
(35410,-22.939981,-47.290349)
(35862,-5.803737,-35.218408)
(35951,-22.919278,-43.048744)
(36553,-23.535384,-46.779918)
(36579,-22.975698,-49.881819)
(36624,-21.561211,-51.263645)
(37377,-19.23347,-40.319911)
(38804,-30.099115,-51.179506)
(39261,-22.223582,-45.934907)
(39415,-22.129985,-51.404801)
(39894,-8.119708,-35.295462)
(40399,-21.167342,-47.804416)
(40447,-22.713992,-42.623406)
(40470,-22.394582,-47.569073)
(40503,-22.935024,-43.518246)
(40561,-3.24111,-42.85778)
(40849,-21.458449,-49.576859)
(41075,-12.964413,-38.421936)
(41191,-7.76667,-37.1)
(41523,-21.706493,-47.479775)
(41573,-22.38333,-41.85)
(41641,-23.444168,-46.918616)
(41721,-23.682371,-46.510067)
(41853,-23.94285,-46.344175)
(41971,-22.008223,-47.894618)
(41978,-22.998242,-43.275375)
(42449,-23.236577,-45.859225)
(42487,-26.72528,-53.51806)
(42609,-23.570533,-46.663713)
(42624,-27.63333,-50.95)
(42753,-23.816157,-45.452287)
(42839,-23.957678,-46.428069)
(50887,-23.46544,-47.445165)
(51188,-22.817961,-47.255558)
(51758,-22.402964,-42.955642)
(51856,-22.92712,-43.23058)
(52644,-22.4,-50.23333)
(52683,-22.976632,-47.002841)
(53337,-20.341759,-40.298055)
(53355,-23.035691,-46.973552)
(53427,-20.298849,-40.329653)
(53439,-14.873991,-40.842653)
(53638,51.15013,-110.21832)
(54943,43.711894,-79.750177)
(55303,45.30152,-76.72165)
(55310,43.8501,-79.99966)
(55319,51.056508,-114.033822)
(55386,45.45071,-75.29267)
(55404,51.088425,-115.350551)
(55610,49.30976,-117.666966)
(56076,51.176602,-114.469127)
(56193,43.98583,-79.925)
(56561,50.841584,-113.997058)
(57001,48.776298,-123.694846)
(57009,43.260143,-79.87995)
(57451,43.67061,-79.553568)
(58628,43.276797,-80.027986)
(58786,44.43342,-77.88281)
(59529,49.882816,-119.439689)
(59683,44.263277,-76.524396)
(59844,43.3175,-79.8275)
(60314,53.258395,-113.540814)
(60394,49.693481,-112.826181)
(60579,42.959033,-81.235184)
(60980,43.841336,-79.542646)
(61051,43.885511,-79.297198)
(61594,43.570452,-79.626636)
(61690,45.572744,-73.586295)
(61691,47.23337,-84.64992)
(62324,43.744423,-79.463984)
(62432,43.409235,-79.651457)
(62474,50.721503,-113.966804)
(62588,45.209415,-75.783876)
(62655,43.354636,-79.803853)
(62809,45.821328,-77.110488)
(63693,43.902078,-79.428887)
(63722,52.639548,-114.237061)
(64594,43.781265,-79.236905)
(64645,46.16684,-64.56545)
(65295,45.128139,-66.821272)
(65310,47.56494,-52.70931)
(65534,51.050572,-113.391082)
(65596,51.804256,-114.648899)
(65690,52.298586,-114.088322)
(65911,43.820285,-79.429779)
(66000,43.64877,-79.38171)
(66077,45.36685,-63.26538)
(66361,49.2819,-123.11874)
(66389,43.836077,-79.564675)
(66414,50.21592,-119.388302)
(66429,48.428362,-123.358788)
(66896,45.484413,-73.600989)
(67310,-33.040183,-71.626052)
(67425,-23.627691,-70.385197)
(67439,-18.463304,-70.295559)
(67497,-28.1594,-71.05203)
(67542,-33.040183,-71.626052)
(67566,-38.165295,-72.288079)
(67680,-38.59409,-72.02335)
(67862,-38.165295,-72.288079)
(67971,11.261067,-69.44942)
(68018,-38.165295,-72.288079)
(68020,-33.38372,-70.67735)
(68023,-33.040183,-71.626052)
(68041,-27.376638,-70.319562)
(68551,-36.813682,-72.383423)
(68559,-33.040183,-71.626052)
(68567,-33.040183,-71.626052)
(68660,-19.92435,-69.51109)
(68805,-33.040183,-71.626052)
(68883,-36.813682,-72.383423)
(68892,-29.960728,-71.327864)
(69130,-33.336049,-70.542983)
(69183,-33.040183,-71.626052)
(69328,-33.509238,-70.590047)
(69578,-29.960728,-71.327864)
(69601,-33.803869,-70.730303)
(69727,-34.11835,-71.524604)
(69943,-38.457881,-72.414871)
(70165,-34.11835,-71.524604)
(70202,-34.11835,-71.524604)
(70410,-36.856322,-73.133488)
(70473,-38.165295,-72.288079)
(70477,-33.45694,-70.64827)
(70542,-33.663984,-70.883098)
(70546,-35.66152,-71.94372)
(70587,-38.735031,-72.632158)
(70749,-33.040183,-71.626052)
(70804,-33.040183,-71.626052)
(70838,-33.040183,-71.626052)
(71091,6.27886,-75.51112)
(71356,4.23687,-74.90013)
(71990,10.96389,-74.79639)
(72403,3.03,-75.16667)
(72404,12.52449,-81.71983)
(72405,4.635456,-74.08768)
(72602,7.12539,-73.1198)
(72924,3.43722,-76.5225)
(72925,9.40806,-74.03028)
(73379,8.90389,-75.78222)
(73535,10.39972,-75.51444)
(73901,4.71587,-76.0008)
(74200,4.85876,-74.05866)
(74620,3.92662,-74.34437)
(74991,7.89391,-72.50782)
(78397,6.17591,-75.59174)
(79276,3.23386,-76.23083)
(81794,1.23183,-75.82618)
(85243,4.73244,-74.26419)
(85355,6.2884,-70.29735)
(85789,6.25184,-75.56359)
(85876,7.16056,-73.61833)
(85919,2.69313,-75.55027)
(86110,9.24194,-74.42667)
(86274,8.763871,-75.879135)
(87702,4.812095,-75.685157)
(88370,8.35834,-74.2147)
(89281,7.0944,-75.39932)
(89663,-1.41667,-73.51667)
(91223,5.71434,-72.93391)
(92929,5.02208,-74.00481)
(92968,10.01625,-84.21163)
(93026,9.97806,-84.38032)
(93075,9.97535,-84.13989)
(93136,10.40327,-85.7963)
(93203,10.4294,-85.09311)
(93256,9.86444,-83.91944)
(93354,10.30643,-84.41006)
(93370,9.89349,-84.09047)
(93408,10.00126,-84.26124)
(93431,13.65,-88.98333)
(93448,13.65,-88.98333)
(93523,13.65,-88.98333)
(93591,10.07243,-84.31124)
(93599,10.75417,-85.35232)
(93600,13.65,-88.98333)
(93601,9.96277,-84.25452)
(93607,10.068183,-84.028584)
(93611,10.76721,-85.64692)
(93670,10.00236,-84.11651)
(93674,9.65448,-84.66056)
(93718,9.61497,-84.62975)
(93780,10.47089,-84.64535)
(93803,10.00236,-84.11651)
(93852,10.63504,-85.43772)
(94014,13.65,-88.98333)
(94017,9.82641,-83.44059)
(94051,9.98017,-85.65194)
(94076,9.91197,-84.52337)
(94100,10.05693,-84.43544)
(94101,13.65,-88.98333)
(94164,13.65,-88.98333)
(94239,10.43095,-85.78649)
(94282,13.65,-88.98333)
(94319,9.97625,-84.83836)
(94342,9.42357,-84.16522)
(94407,9.96845,-85.29546)
(94426,10.87207,-85.03506)
(94434,9.74099,-84.26887)
(94438,13.65,-88.98333)
(94462,9.98333,-84.18333)
(94483,9.9078,-84.0563)
(94485,13.65,-88.98333)
(94505,10.55152,-85.14957)
(94512,10.05504,-84.11462)
(94513,13.65,-88.98333)
(94523,9.95974,-84.08165)
(94568,9.99559,-84.09656)
(94577,13.65,-88.98333)
(94578,9.97454,-84.20974)
(94584,13.65,-88.98333)
(94587,13.65,-88.98333)
(94595,10.08802,-84.47022)
(94615,13.65,-88.98333)
(94623,9.96611,-83.732)
(94624,10.26053,-85.5851)
(94626,9.93333,-84.08333)
(94669,13.65,-88.98333)
(94671,10.06388,-84.15499)
(94713,10.28169,-84.42955)
(94731,9.6,-82.78333)
(94733,10.29913,-85.84107)
(94796,9.90644,-83.9876)
(94835,13.65,-88.98333)
(97245,15.30174,-61.38808)
(97278,18.12904,-68.72919)
(97354,18.75,-68.58333)
(97384,18.76278,-69.25681)
(97884,18.69634,-68.434)
(98054,19.05,-69.63333)
(101424,18.42734,-68.97285)
(103645,19.79344,-70.6884)
(103664,18.883,-71.35)
(104187,18.471621,-69.89213)
(104189,18.48847,-69.85707)
(104582,-1.24908,-78.61675)
(104592,-0.36667,-78.51667)
(104698,-2.74028,-78.84722)
(104701,-1.78414,-79.67831)
(104703,-1.80278,-79.52917)
(104711,-0.6025200000000001,-80.4249)
(104736,-1.36501,-79.90494)
(104821,-2.707379,-78.8845)
(104889,-3.36309,-79.844)
(104961,-0.84582,-80.16389)
(105347,-0.69819,-80.09361)
(105434,-1.54553,-80.01164)
(105558,-2.90054,-79.00453)
(105573,-0.20072,-78.43133)
(105621,0.40612,-80.01222)
(105622,-1.8611,-79.97771)
(105974,-1.93333,-79.96667)
(106022,0.92633,-79.66079)
(106248,-1.59444,-79)
(106288,-2.198442,-79.893608)
(106289,-1.04376,-79.63837)
(107677,-3.47523,-80.23084)
(107704,0.35171,-78.12233)
(107775,-0.9,-79.68333)
(107782,-0.94886,-80.63806)
(107819,-1.34872,-80.57875)
(108061,-0.65043,-79.18876)
(108145,-2.15278,-79.86389)
(108193,-2.42355,-79.33977)
(108341,-0.93333,-78.61667)
(108422,-3.99313,-79.20422)
(108434,-1.88333,-80.08333)
(108518,-3.25694,-79.95972)
(108573,-0.96212,-80.71271)
(108672,-2.179623,-79.599984)
(108684,-0.05294,-78.7751)
(108708,-1.18275,-79.49914)
(108742,-1.79008,-79.28759)
(108751,-1.04576,-80.65889)
(108775,-2.88784,-77.69028)
(108791,0.61129,-80.01863)
(108937,0.23141,-78.25978)
(109093,-3.32561,-79.80697)
(109220,-3.68107,-79.68083)
(109267,-2.63199,-80.38808)
(109301,-1.05417,-80.45139)
(109371,-3.41667,-79.08333)
(109425,-1.55917,-80.80957)
(109534,-1.02863,-79.46352)
(109569,-0.22985,-78.52495)
(109656,-1.67083,-78.64861)
(109770,-2.95,-80.13333)
(109773,-2.20738,-80.97026)
(109783,-1.96276,-79.72402)
(110115,-0.58986,-80.40806)
(110131,-0.33405,-78.45217)
(110153,-0.52755,-90.25289)
(110163,-2.22778,-80.85694)
(110171,-3.27471,-79.31475)
(110201,-3.44882,-79.95952)
(110241,-0.25302,-79.17509)
(110407,-1.27974,-80.41885)
(110670,-0.214,-78.40489)
(110784,-1.44158,-79.45943)
(110815,-1.55611,-79.75191)
(110852,-2.0968,-79.69485)
(110938,-3.69132,-79.61174)
(111049,13.67306,-89.24083)
(112493,13.48833,-89.32222)
(113155,13.83333,-89.06667)
(113275,13.7,-89.13333)
(113564,13.57806,-89.26528)
(113709,13.698156,-89.191355)
(113789,13.7,-89.13333)
(113818,13.67694,-89.27972)
(114069,13.48833,-89.32222)
(114811,12.01667,-61.73333)
(114855,12.16462,-61.72965)
(114856,12.01667,-61.75)
(114863,12.11667,-61.61667)
(114967,12.11396,-61.688501)
(114990,51.880221,-5.265329)
(114992,13.896235,-60.974929)
(114999,34.805001,-78.969431)
(115011,12.05,-61.73333)
(115022,12.00409,-61.76851)
(115297,14.61667,-90.46667)
(115406,14.56111,-90.73444)
(117050,14.837379,-91.52621)
(117259,14.46528,-90.44083)
(117299,14.6,-91.85)
(117320,14.64072,-90.51327)
(117665,14.878346,-91.57381)
(118548,14.53417,-91.50333)
(118574,14.63333,-90.60639)
(119305,14.83472,-91.51806)
(119361,14.53611,-91.67778)
(119962,14.9,-90.41667)
(119964,14.54889,-90.78833)
(119968,14.56889,-90.49528)
(120076,14.63528,-90.67639)
(120294,14.64072,-90.51327)
(120637,14.48139,-90.53167)
(120641,14.52694,-90.5875)
(120881,5.121996,-58.912352)
(120942,6.62797,-57.91767)
(120950,6.81642,-58.10739)
(120969,6.76699,-57.98298)
(120977,6.80448,-58.15527)
(121199,6.257231,-57.357949)
(121308,19.82709,-73.13947)
(122326,18.76836,-73.04586)
(123044,18.4,-72.81667)
(123047,19.75778,-72.20417)
(124051,18.54203,-72.16518)
(124052,18.31667,-73.66667)
(124055,18.526108,-72.16818)
(125126,18.537491,-72.29348)
(126038,19.7,-73.33333)
(126068,18.45056,-72.28694)
(126109,18.5,-72.31667)
(126820,18.2,-73.75)
(127861,18.5,-72.29583)
(127971,19.63333,-71.95)
(128839,18.526108,-72.16818)
(128900,18.73333,-72.21667)
(128907,18.44755,-72.0062)
(128909,18.5125,-72.28528)
(128922,18.43139,-72.86694)
(128924,19.85,-72.6)
(128934,19.62972,-73.15444)
(128942,19.46667,-71.96667)
(128947,19.7,-73.2)
(129294,18.547808,-72.343769)
(129353,19.9,-72.68333)
(129363,18.72744,-72.41804)
(130124,18.58333,-72.26667)
(130461,18.31667,-72.26667)
(130649,19.63333,-72.16667)
(130709,19.9354,-72.73921)
(130711,18.81598,-72.20193)
(131558,14.8,-85.9)
(131601,15.78333,-86.5)
(131862,15.4,-88.15)
(131900,14.45139,-87.6375)
(131901,15.1,-87.8)
(131902,14.08333,-87.21667)
(132012,15.63333,-88.3)
(132195,16.5,-85.86667)
(133699,14.71667,-87.01667)
(133700,15.4,-87.8)
(134639,16.30083,-93.42583)
(134641,15.25,-88.23333)
(134699,13.31667,-87.7)
(135031,15.75971,-86.78221)
(135035,14.95,-87.78333)
(135226,15.63333,-85.76667)
(135441,15.43333,-87.91667)
(137202,14.55,-87.13333)
(137456,14.61667,-87.36667)
(138094,15.23333,-87.96667)
(138184,15.812012,-87.85835)
(138752,13.76111,-89.14472)
(138932,13.73333,-86.88333)
(138935,14.1,-87.75)
(138936,14,-88.53333)
(138938,13.52778,-87.69833)
(138944,15.50417,-88.025)
(138945,14.75,-88.11667)
(138990,16.32923,-86.56446)
(139021,14.91944,-88.23611)
(139082,14.98333,-89)
(139083,14.1,-87.11667)
(139123,14.76667,-88.77917)
(139203,14.6,-87.83333)
(139411,15.63333,-88.25)
(139412,14.0818,-87.20681)
(139414,15.75,-86.8)
(139415,13.62361,-87.36083)
(139416,14.76667,-88.21667)
(139429,15.78333,-87.45)
(139486,13.64972,-87.0225)
(139775,15.31667,-88)
(139799,16.43333,-85.95)
(139858,14.85,-87.9)
(139964,18.36667,-77.15)
(140120,18.10205,-77.00541)
(140465,17.76667,-77.23333)
(140924,17.99702,-76.79358)
(141129,18.47116,-77.91883)
(141257,18.4025,-77.1048)
(141372,18.17998,-76.46121)
(141727,18.07537,-76.79109)
(141804,18.063585,-77.727556)
(141945,18.14,-77.15)
(142436,19.371422,-99.150344)
(142577,17.784134,-95.546397)
(142580,29.98937,-107.5521)
(142723,32.07486,-115.21967)
(142728,16.899052,-99.835462)
(142928,28.03333,-101.36667)
(144091,21.885071,-102.284826)
(144375,20.299478,-103.278622)
(144433,21.02402,-97.60582)
(145197,19.364502,-99.223359)
(147416,19.565135,-99.249273)
(147824,19.487767,-99.181362)
(149127,19.278151,-99.828688)
(150025,19.380454,-99.161136)
(150037,21.012769,-87.041363)
(150448,23.920061,-102.289691)
(150793,19.04139,-98.92889)
(151457,22.90583,-109.86528)
(151465,22.89525,-109.932256)
(151713,27.9686,-109.856506)
(152215,26.36035,-111.88237)
(153589,21.163829,-86.861727)
(153684,18.86745,-100.2903)
(154662,30.83333,-105.35)
(155172,16.91667,-93.11667)
(155174,20.53174,-100.816386)
(155179,20.24113,-99.86142)
(156565,16.885,-92.4775)
(156657,20.297968,-103.188706)
(156749,19.201445,-99.550444)
(157298,28.662926,-106.099908)
(157333,27.04869,-106.96778)
(157338,28.662926,-106.099908)
(157339,20.48278,-102.75917)
(157850,19.076713,-98.315063)
(158606,27.70489,-108.1977)
(158607,29.319991,-100.953121)
(158621,19.371422,-99.150344)
(158643,19.700197,-103.467745)
(158649,31.656461,-106.402795)
(158652,19.565135,-99.249273)
(158666,27.484654,-109.935961)
(158671,19.492486,-99.241187)
(158736,19.627702,-99.10293)
(158775,18.71384,-100.21871)
(158850,19.453898,-96.958326)
(158870,18.129229,-94.455826)
(159133,19.242918,-103.709341)
(159245,19.371422,-99.150344)
(161244,19.320654,-103.757196)
(161821,19.48669,-99.32368)
(161822,23.920061,-102.289691)
(162157,20.49224,-100.442445)
(162379,19.327517,-99.154699)
(163053,27.08333,-107.73333)
(163065,23.920061,-102.289691)
(163066,19.01293,-99.6928)
(163107,19.371422,-99.150344)
(163353,18.66389,-99.37583)
(163367,28.402806,-106.861066)
(163370,19.427561,-99.167503)
(163375,19.427561,-99.167503)
(163448,19.650438,-99.217156)
(163544,19.00562,-100.01826)
(163638,18.935064,-99.224954)
(163939,23.920061,-102.289691)
(163942,24.799455,-107.39945)
(164167,19.8504,-99.496)
(164292,28.181714,-105.466941)
(164576,16.59,-93.02694)
(165223,24.43675,-105.82936)
(175176,20.63611,-100.22222)
(177700,25.54367,-111.83998)
(184027,31.866071,-116.593719)
(184241,25.16735,-99.87044)
(184661,18.01981,-90.88107)
(187157,25.65716,-100.40268)
(187532,25.577274,-103.487893)
(188208,18.39293,-90.99222)
(188212,20.673618,-103.351266)
(188215,21.25611,-100.89222)
(188222,19.22068,-98.91638)
(188241,21.127738,-101.672015)
(188715,21.021518,-101.255194)
(189285,19.371422,-99.150344)
(189667,29.08663,-110.961245)
(189760,26.931041,-105.6755)
(190296,18.6366,-99.91291)
(190961,19.40573,-99.47813)
(190976,20.34341,-99.75255)
(190986,21.09908,-98.84934)
(190987,19.35985,-99.35016)
(190988,19.384584,-99.354495)
(191001,23.920061,-102.289691)
(191833,19.316982,-98.904329)
(191838,18.842298,-99.676907)
(191936,19.394213,-99.103888)
(191939,19.346606,-99.055438)
(192185,21.867284,-101.592916)
(192540,19.65099,-101.15167)
(192714,28.33333,-105.4)
(192816,20.282782,-103.425567)
(193681,32.61667,-115.08333)
(193683,17.608349,-93.193769)
(193684,31.656461,-106.402795)
(193687,20.830337,-98.834608)
(193688,19.428287,-99.161564)
(199048,23.920061,-102.289691)
(199054,19.41583,-99.4775)
(200229,23.920061,-102.289691)
(200365,19.11352,-103.76854)
(200535,19.77265,-100.03739)
(202360,32.55056,-116.66278)
(202361,24.132766,-110.32305)
(203851,19.371422,-99.150344)
(205010,16.76383,-99.645)
(210609,21.127738,-101.672015)
(210611,19.72241,-100.50217)
(210673,19.297087,-99.537321)
(211692,19.371422,-99.150344)
(212391,19.371422,-99.150344)
(212441,19.324834,-100.149935)
(212587,24.94222,-111.2044)
(213280,23.68383,-109.69785)
(213424,18.61816,-102.95874)
(218241,19.53377,-99.26523)
(219740,21.79091,-102.06973)
(219750,25.850589,-97.506301)
(219997,23.246624,-106.405101)
(220245,20.984195,-89.620777)
(220642,18.73022,-100.18671)
(220876,23.920061,-102.289691)
(220878,19.253447,-99.603862)
(220933,32.631342,-115.437638)
(220936,24.975947,-111.566383)
(220938,19.213144,-99.586528)
(220939,20.53016,-101.071884)
(220941,19.371422,-99.150344)
(220942,18.95,-99.65)
(220948,23.920061,-102.289691)
(220950,20.57889,-100.105)
(220966,22.90937,-101.04728)
(221236,19.428974,-99.199847)
(222397,25.685163,-100.315238)
(222495,19.699076,-101.199996)
(222517,19.539508,-99.046335)
(222939,19.242918,-103.709341)
(223191,19.465595,-99.252133)
(223192,23.920061,-102.289691)
(224218,23.920061,-102.289691)
(224761,27.460849,-99.529784)
(224777,25.85306,-100.29167)
(225237,17.071072,-96.727229)
(225394,18.63021,-100.19655)
(225451,19.271091,-99.458201)
(225579,19.627022,-99.031894)
(226440,20.096236,-98.774767)
(227162,27.04119,-105.00672)
(227320,30.19876,-105.68778)
(228085,27.6,-105.33333)
(228948,23.920061,-102.289691)
(229468,27.365,-112.28855)
(230022,28.692225,-100.542974)
(230876,20.643906,-87.073594)
(232677,19.051201,-98.212116)
(233266,20.506281,-87.227633)
(233705,17.7448,-101.224)
(233763,19.749398,-88.709698)
(233779,31.776018,-107.631774)
(233832,20.647833,-105.217206)
(234339,20.869816,-88.631335)
(234344,20.851846,-88.631669)
(239114,19.58105,-99.26743)
(239208,19.5,-99.18333)
(239475,25.72622,-103.03481)
(239476,19.5,-99.18333)
(240035,25.988644,-98.081778)
(240870,32.36044,-117.04645)
(241093,20,-99.5)
(241511,27.59046,-101.25373)
(241516,25.441613,-100.992478)
(241883,19.076713,-98.315063)
(243017,21.83819,-99.02801)
(243021,29.75978,-110.95226)
(243653,29.02015,-104.50763)
(244897,25.41078,-111.90989)
(244903,23.920061,-102.289691)
(244906,18.99427,-97.53786)
(244908,20.5,-102.31667)
(244909,19.371422,-99.150344)
(244956,22.07056,-102.25194)
(245167,27.34028,-114.42167)
(245611,23.103717,-109.723031)
(247035,27.13493,-113.50025)
(247044,19.5875,-98.88333)
(247199,22.14266,-100.983018)
(247557,19.274712,-99.535685)
(247671,21.54693,-101.45481)
(247822,20.914137,-100.750255)
(248200,25.738505,-100.280753)
(248432,32.02607,-116.63377)
(248438,19.281409,-99.170268)
(248444,23.97068,-109.89669)
(248684,25.65716,-100.40268)
(249889,21.28889,-98.71889)
(249917,25.682028,-100.451971)
(250513,23.920061,-102.289691)
(250572,19.16083,-99.45139)
(251911,19.40135,-99.94545)
(253327,24.799455,-107.39945)
(253603,20.546565,-87.433591)
(253690,27.069053,-109.439423)
(254286,18.67948,-100.44739)
(254385,22.277212,-97.875388)
(254982,23.920061,-102.289691)
(255005,18.49769,-99.87882)
(255006,19.359422,-98.959584)
(255008,18.878906,-97.729239)
(255990,18.19083,-96.96694)
(256348,18.98684,-99.094735)
(256862,20.185978,-99.272596)
(257218,32.497748,-116.962303)
(257573,18.81611,-99.64944)
(257681,20.458014,-103.437913)
(257756,19.542424,-99.197266)
(257765,19.274583,-99.178087)
(258113,29.50632,-114.73971)
(258114,23.454289,-110.230329)
(258199,18.078,-91.6552)
(258281,16.088489,-93.758989)
(258477,25.539832,-103.407695)
(258585,23.920061,-102.289691)
(258926,19.70306,-101.11583)
(259235,20.082873,-98.365695)
(259286,19.650622,-99.155673)
(259289,20.1944,-87.439798)
(259391,17.05639,-97.78611)
(259989,19.410362,-102.049836)
(260186,19.16368,-100.134684)
(260754,21.82833,-98.75028)
(260777,31.492,-107.45995)
(260784,23.920061,-102.289691)
(260911,23.735592,-103.983939)
(261000,23.71889,-99.09778)
(261230,22.035875,-103.683662)
(261421,17.991309,-92.936086)
(261888,23.920061,-102.289691)
(261889,19.47778,-96.78389)
(262348,19.254115,-99.110634)
(263601,20.701353,-103.431316)
(263792,19.147953,-99.646257)
(264468,12.626267,-87.128791)
(265048,13.091684,-86.35837)
(265066,11.92988,-85.95602)
(265126,13.094192,-86.0025)
(265128,11.84962,-86.19903)
(265610,12.43787,-86.87804)
(265758,12.13282,-86.2504)
(265771,11.976104,-86.099853)
(265778,12.926519,-85.923557)
(265856,12.11219,-86.52304)
(266030,11.439853,-85.82468)
(266064,12.16667,-86.4)
(266154,12.19525,-85.94725)
(266203,11.91667,-86.61667)
(266256,11.40255,-84.89991)
(266467,12.08333,-86.25)
(266727,9.15874,-79.6183)
(266771,8.96667,-79.56667)
(266887,8.96667,-79.55)
(266913,8.95,-79.65)
(267177,9.33333,-82.25)
(267194,9.16667,-82.26667)
(267433,8.75,-79.88333)
(267782,9.35917,-79.90139)
(267874,8.42729,-82.43085)
(269049,8.46667,-80.28333)
(269052,9.05,-79.45)
(269054,8.9936,-79.51973)
(269994,9.03333,-79.45)
(270875,8.9936,-79.51973)
(271178,8.9936,-79.51973)
(271565,8.48333,-79.95)
(271574,8.45,-78.88333)
(271610,9.03333,-79.5)
(271923,9.23333,-79.01667)
(272024,-23.23333,-55.85)
(272069,-25.30066,-57.63591)
(272082,-26.46081,-54.80517)
(272093,-27.05,-55.55)
(272207,-25.50972,-54.61111)
(272302,-25.20791,-57.53202)
(272430,-23.40556,-57.44028)
(272495,-27.33056,-55.86667)
(273113,-25.32308,-57.54021)
(273121,-27.09532,-56.01985)
(273160,-25.3411,-54.761014)
(273161,-27.08333,-55.75)
(273188,-26.58333,-55.56667)
(273233,-25.34682,-57.60647)
(273241,-27.25,-57.46667)
(273244,-25.16611,-57.48562)
(273264,-25.26703,-57.49107)
(273380,-19.45,-61.15)
(273384,-22.544581,-55.759992)
(273752,-25.53333,-56.73333)
(273770,-25.33968,-57.50879)
(273772,-24.43333,-57.61667)
(273830,-25.508469,-57.444108)
(273923,-25.3676,-57.59274)
(273937,-25.784469,-56.449642)
(273991,-12.049141,-77.021217)
(273995,-10.89333,-76.80083)
(274816,-12.049141,-77.021217)
(275660,-16.39889,-71.535)
(275880,-12.05,-76.96667)
(276320,-12.69326,-76.64465)
(276327,-12.98078,-72.876651)
(276373,-12.63464,-76.6452)
(276990,-7.16378,-78.50027)
(277222,-12.05658,-77.11814)
(278370,-12.049141,-77.021217)
(279115,-12.1,-76.98333)
(279399,-16.38526,-71.56234)
(280083,-6.77137,-79.84088)
(281568,-12.13333,-76.81667)
(283405,-13.551969,-72.069168)
(284093,-12.049141,-77.021217)
(287060,-12.049141,-77.021217)
(288019,-14.061322,-75.74764)
(289620,-12.049141,-77.021217)
(290005,-11.82861,-77.01639)
(290094,-12.049141,-77.021217)
(290508,-6.13722,-77.95361)
(290953,-15.38167,-71.47335)
(290956,-12.54299,-74.60863)
(290967,-11.99306,-76.10889)
(290979,-12.1,-77.03333)
(290990,-12.56082,-76.60298)
(291087,-11.13889,-76.72694)
(291936,-12.049141,-77.021217)
(292084,-12.48778,-75.91458)
(292987,-12.049141,-77.021217)
(293076,-12.049141,-77.021217)
(293154,-10.69052,-77.80263)
(293192,-11,-77.61667)
(293552,-11.85222,-76.39972)
(295076,-12.22965,-76.85919)
(296728,-5.31667,-80.7)
(297395,-5.190249,-80.625657)
(298680,-12.33333,-76.81667)
(300853,-11.04028,-77.59778)
(300915,-12.09841,-77.01107)
(300938,-12.40102,-73.85043)
(301076,-11.10667,-77.37583)
(301081,-6.9471,-76.34528)
(301103,-13.54594,-71.88478)
(301491,-12.049141,-77.021217)
(302066,-13.4225,-72.12861)
(302069,-12.09555,-76.23041)
(303403,-14.09766,-75.70454)
(303468,-11.56634,-76.63909)
(303469,-15.55514,-73.11335)
(303477,-10.62849,-76.99034)
(303729,-4.57722,-81.27194)
(305245,-8.108006,-79.032897)
(305837,-12.576,-76.3304)
(309369,18.368211,-66.109321)
(310113,17.29484,-62.7261)
(310133,17.13333,-62.61667)
(310137,17.16667,-62.61667)
(310151,17.361373,-62.850013)
(310206,17.32692,-62.73069)
(310251,14.06667,-60.95)
(310253,14.008326,-60.989868)
(310297,14.06667,-60.95)
(310377,14.01858,-60.99537)
(310388,13.23357,-61.199573)
(310392,13.23357,-61.199573)
(310417,13.15872,-61.22475)
(310419,13.188975,-61.266833)
(310433,13.01667,-61.23333)
(310750,5.822445,-55.172672)
(310879,10.63333,-61.28333)
(310935,10.72081,-61.56616)
(310944,10.51667,-61.41667)
(310956,10.36637,-61.45985)
(310960,10.26813,-61.46074)
(310981,10.51667,-61.41667)
(310992,10.72081,-61.56616)
(311003,10.435364,-61.264793)
(311033,10.72081,-61.56616)
(311092,10.28333,-61.46667)
(311106,10.51667,-61.41667)
(311121,10.28333,-61.46667)
(311124,10.72081,-61.56616)
(311160,10.651997,-61.517031)
(311186,10.16667,-61.46667)
(311194,10.72081,-61.56616)
(311196,10.435364,-61.264793)
(311209,10.18333,-61.68333)
(311214,10.651997,-61.517031)
(311244,10.435364,-61.264793)
(311248,10.651997,-61.517031)
(311251,10.28333,-61.46667)
(311252,10.435364,-61.264793)
(311263,10.28333,-61.46667)
(311266,10.64917,-61.49889)
(311273,10.435364,-61.264793)
(311276,10.72081,-61.56616)
(311289,37.67622,-77.292725)
(311306,10.435364,-61.264793)
(311316,10.435364,-61.264793)
(311321,10.28333,-61.46667)
(313153,25.766368,-80.210268)
(313801,37.778008,-122.431272)
(314091,36.105819,-95.916194)
(314417,-30.401898,-56.467151)
(314426,-34.87722,-56.02972)
(314427,-34.9,-54.95)
(314448,-34.83346,-56.16735)
(314469,-34.52278,-56.27778)
(314483,-33.98917,-58.28556)
(314518,-34.807852,-55.950704)
(314519,-34.83346,-56.16735)
(314535,-34.81306,-56.04472)
(314580,-33.53009,-58.21701)
(314624,-34.09556,-56.21417)
(314628,-33.127201,-58.311996)
(314664,-34.9,-54.95)
(314676,-34.91571,-54.86388)
(314707,-34.83768,-55.9832)
(314716,-34.72639,-56.22)
(314756,-34.9,-54.95)
(314757,-34.90452,-54.82625)
(314780,-33.2524,-58.03047)
(314785,-34.37589,-55.23771)
(314795,-34.83346,-56.16735)
(314808,-33.91667,-57.78333)
(314833,-34.86028,-56.05222)
(314859,-32.317192,-58.083944)
(314951,-34.8568,-55.295978)
(314952,-34.922295,-56.164331)
(314954,-34.96667,-54.95)
(315001,-30.90534,-55.55076)
(315014,-31.38333,-57.96667)
(315019,-32.44654,-58.43569)
(315029,-34.349959,-56.709986)
(315059,-34.64694,-56.06278)
(315071,-34.84639,-55.99806)
(315076,-34.52278,-56.27778)
(315077,-33.4,-58.31667)
(315082,-31.73333,-55.98333)
(315110,-33.53889,-56.88861)
(315116,-33.25895,-55.10472)
(315144,-32.68333,-57.63333)
(315155,10.31941,-66.55589)
(315157,11.090107,-69.772823)
(315163,9.55451,-69.19564)
(315189,10.33333,-67.11667)
(315299,7.2,-62.05)
(315320,10.45354,-67.27187)
(315416,8.5931,-70.2261)
(315487,9.43889,-64.47278)
(315491,9.46742,-64.47228)
(315494,9.76051,-64.38226)
(315569,10.04361,-67.80278)
(315582,5.06142,-66.30492)
(315597,5.51667,-63.6)
(315603,9.56009,-69.21475)
(315821,10.28847,-68.01415)
(315823,10.133,-64.692001)
(315833,8.5931,-70.2261)
(315837,11.090107,-69.772823)
(315842,10.43333,-66.76667)
(315848,12.03333,-70.08333)
(315849,9.89153,-70.89976)
(315851,10.07389,-69.32278)
(315920,11.85524,-70.01943)
(315922,10.43398,-66.87662)
(315952,10.1688,-68.260246)
(315988,10.86667,-71.78333)
(316158,9.244647,-70.270378)
(316170,10.48333,-66.81667)
(316172,10.68128,-71.40036)
(316381,10.38828,-71.43992)
(316391,9.997506,-69.21318)
(316396,7.45,-67.01667)
(316440,10.18634,-67.45935)
(316452,7.63501,-66.16815)
(316494,8.92416,-67.42929)
(316607,10.3588,-66.94513)
(316878,9.30571,-64.35841)
(316939,10.61119,-66.85215)
(316946,10.02326,-64.59732)
(316957,10.505146,-66.917878)
(316987,10.48333,-66.96667)
(317096,10.17554,-70.08274)
(317123,10.34985,-66.98632)
(317156,10.66781,-63.25849)
(317279,10.60383,-67.03034)
(317430,10.49598,-66.85347)
(317654,8.12923,-63.54086)
(317661,8.370655,-62.637348)
(317663,10.192401,-71.3125)
(317771,10.8,-71.76667)
(317827,11.4045,-69.67344)
(317964,10.15892,-66.88575)
(318055,10.46354,-64.1775)
(319077,10.22829,-71.23857)
(319377,10.10295,-65.23476)
(319379,9.78015,-69.87293)
(319380,10.42994,-66.8161)
(319535,10.20393,-67.22168)
(319541,10.03039,-66.61797)
(319563,10.13333,-67.01667)
(319657,10.27907,-66.39626)
(319735,8.80187,-71.76947)
(319947,11.38851,-69.74319)
(320036,10.29167,-66.78333)
(320403,8.85,-64.46667)
(320586,6.56667,-66.98333)
(320726,10.981915,-63.886131)
(320780,8.61366,-71.65284)
(320986,10.28333,-66.86667)
(321185,9.04183,-69.74206)
(321206,10.241275,-64.579138)
(321281,10.46736,-66.60663)
(321292,9.96667,-67.46667)
(321370,10.4762,-66.54266)
(321456,6.57965,-66.80813)
(321639,10.61667,-71.55)
(321966,11.03333,-63.86278)
(322148,10.13105,-65.73644)
(322200,10.22006,-66.18647)
(322236,9.51014,-71.04632)
(322514,10.20667,-66.01639)
(322643,11.24243,-70.07618)
(322764,10.59901,-66.9346)
(322784,11.0026,-64.01822)
(322930,10.41305,-66.69099)
(322933,10.5,-67.15)
(323154,10.08183,-66.75284)
(323317,10.05519,-65.00901)
(323891,10.2,-66.08333)
(323919,9.9918,-65.89686)
(324000,10.21844,-67.33017)
(324536,7.83333,-72.4)
(324609,10.30961,-66.55452)
(324637,10.26276,-66.65938)
(324846,10.07378,-66.71998)
(324977,10.19769,-64.69407)
(325134,10.32143,-67.04337)
(325361,10.24333,-66.115)
(325377,10.50688,-66.82743)
(325378,10.50688,-66.82743)
(325457,10.49389,-66.82863)
(325515,10.131618,-67.88714)
(325710,10.48297,-66.58948)
(325751,10.34447,-67.04325)
(325923,10.13978,-66.91714)
(325998,10.06143,-66.2679)
(326015,10.4333,-67.013854)
(326031,10.06444,-72.545)
(326037,8.4395,-71.44732)
(326061,10.60671,-66.89177)
(326272,10.28333,-67.33333)
(326276,10.63167,-71.64056)
(326277,9.578507,-72.562312)
(326281,8.2275,-63.66492)
(326282,10.24694,-67.59583)
(326283,10.07849,-69.61993)
(326325,10.29644,-67.71813)
(326343,10.51637,-66.87113)
(326358,9.42499,-65.19555)
(326499,8.25014,-62.81538)
(326525,10.35,-67.11667)
(326526,9.75,-63.17667)
(326625,8.600689,-71.142654)
(327049,10.252118,-68.007012)
(327087,10.157688,-68.56842)
(327284,10.05819,-66.9267)
(327442,10.997547,-63.798637)
(327510,11.38851,-69.74319)
(327798,10.47226,-66.80155)
(327799,10.47226,-66.80155)
(328034,10.95815,-63.849449)
(328035,10.95815,-63.849449)
(328047,10.33333,-67.51667)
(328067,10.31766,-63.58121)
(328162,10.00609,-65.03433)
(328223,10.74192,-71.6367)
(328225,10.474236,-68.01165)
(328264,5.16651,-66.53524)
(328265,10.21667,-64.61667)
(328288,6.20626,-67.45563)
(328290,10.052969,-65.037277)
(328322,11.05789,-63.9664)
(328324,8.88333,-69.93333)
(328339,11.65806,-70.215)
(328377,11.699722,-70.204095)
(328781,11.02974,-64.3715)
(328807,9.20294,-72.56085)
(329010,11.28125,-69.88964)
(329026,10.38854,-66.95179)
(329047,10.26466,-66.50307)
(329081,7.72228,-65.6307)
(329082,10.83158,-70.47471)
(329084,9.11343,-70.91943)
(329085,10.30392,-66.05473)
(329086,7.786513,-72.20901)
(329091,10.272851,-67.959139)
(329118,10.33991,-68.74247)
(329131,7.89909,-67.472362)
(329136,7.81667,-68.23333)
(329146,10.575221,-71.634786)
(329186,9.66917,-71.025)
(329244,10.30125,-65.99053)
(329262,10.38854,-66.95179)
(329314,9.91152,-67.35381)
(329451,10.36528,-67.07955)
(329497,9.25,-64.11667)
(329610,8.99868,-71.90888)
(329633,10.18,-67.51184)
(329640,10.46629,-66.58114)
(329665,7.73333,-61.55)
(329783,9.03676,-64.69547)
(329794,10.53642,-71.51104)
(329809,10.09196,-65.6398)
(329839,10.23409,-66.66308)
(330278,9.76857,-63.24237)
(330366,10.386826,-67.282241)
(330421,9.37084,-70.43472)
(330431,8.97003,-71.27277)
(330445,9.27496,-65.77153)
(330495,9.27919,-69.12)
(330506,10.23262,-67.47319)
(330623,7.67476,-72.42289)
(330624,10.178219,-68.00312)
(330625,10.61468,-62.55527)
(330627,10.96667,-72.2)
(330629,9.31778,-70.60361)
(330641,9.212625,-66.010391)
(330653,10.55,-67.1)
(330668,10.55,-67)
(330763,10.03757,-67.485408)
(330874,10.08,-69.12611)
(330948,11.21667,-71.88333)
(331302,-9.66078,20.39155)
(331759,26.42231,29.227089)
(332098,6.31459,-10.802055)
(332442,33.58831,-7.61138)
(333141,-33.915366,18.543149)
(333345,-25.33021,31.1276)
(333729,0.31628,32.58219)
(335681,39.937967,116.417592)
(347579,31.246027,121.483385)
(355169,28.557163,77.163665)
(355171,32.41394,75.8038)
(355209,19.131577,72.891418)
(355215,28.557163,77.163665)
(366138,32.792761,34.995336)
(366140,31.759595,35.215315)
(366146,32.066455,34.783553)
(366206,26.211638,127.693438)
(366238,35.695126,139.75391)
(366692,3.160318,101.691466)
(368626,14.547814,121.034332)
(369905,1.316382,103.833828)
(371960,13.595918,100.618817)
(375277,25.12148,55.297615)
(382337,48.490174,3.497895)
(382351,48.858705,2.342865)
(383495,52.524932,13.407032)
(386987,53.576158,10.007046)
(389790,50.801478,8.771134)
(395208,52.315369,7.877782)
(396396,47.683452,17.643296)
(396452,53.33928,-6.281314)
(397301,44.220379,9.971429)
(402208,43.817726,11.370028)
(403105,43.587095,11.316054)
(404776,45.473702,9.170685)
(409967,43.83855,7.89728)
(413202,49.608759,6.125923)
(413446,33.752142,-118.393949)
(413494,52.37243,4.89973)
(414063,59.974453,10.735045)
(417493,38.748243,-9.140093)
(417579,40.849773,-8.473927)
(424684,38.360892,-0.486281)
(425456,41.400347,2.159592)
(426291,36.518753,-6.279529)
(429555,28.115784,-15.439151)
(429871,4.73244,-74.26419)
(430385,39.475699,-0.42134)
(430864,40.730032,-4.016194)
(431416,42.667152,-1.646057)
(431932,40.43293,-3.81338)
(433104,28.46824,-16.25462)
(433212,43.455334,-3.824443)
(433452,37.383606,-5.97997)
(434534,39.464773,-0.363258)
(435294,40.491687,-3.96378)
(435756,41.646481,-0.887553)
(436552,46.65826,6.514253)
(436566,46.520381,6.63141)
(436630,46.507076,6.375846)
(436710,47.385345,8.548751)
(437250,52.209881,0.121971)
(438061,51.509648,-0.099076)
(438369,50.740994,-1.971466)
(438869,53.952213,-1.096445)
(438885,-34.929075,138.602578)
(438887,-27.469309,153.026164)
(438891,-32.128147,115.829281)
(438897,-34.509522,144.843538)
(438901,-33.714793,150.30671)
(438903,-37.825071,144.978682)
(438905,-31.960773,115.834088)
(438907,-33.868633,151.209421)
(439101,-36.849193,174.764111)
(439294,18.232135,-63.042295)
(439297,12.16688,-68.96667)
(439300,49.96436,-6.29105)
(439302,18.04235,-63.058383)
(439310,18.235718,-63.05878)
(439345,-38.165295,-72.288079)
(439347,3.420497,-73.166783)
(439363,-1.241567,-78.322784)
(439393,14.762778,-86.920196)
(439433,23.920061,-102.289691)
(439457,8.72491,-80.338454)
(439459,-21.686079,-60.13994)
(439460,-12.98078,-72.876651)
(439463,39.225448,-8.266333)
(439492,40.09095,-3.464618)
(439519,52.418788,-1.247349)
(439521,-32.838882,-56.01682)
(439524,7.18646,-64.568705)
(439650,26.213459,-98.312682)
(439664,9.07333,-63.505)
(439687,25.816755,-80.139175)
(439693,25.956519,-80.136808)
(439698,25.80406,-80.347207)
(439706,34.06179,-84.272531)
(439721,-2.198442,-79.893608)
(439723,26.049257,-80.27424)
(439731,25.69119,-80.165652)
(439739,26.099634000000002,-80.405192)
(439745,8.3153,-62.705326)
(439752,25.85106,88.24131)
(439789,52.554205,5.501896)
(439860,20.604813,-100.406992)
(441308,53.06677,-116.78557)
(441582,-12.54299,-74.60863)
(441633,18.519479,73.870703)
(441634,17.12096,-61.84329)
(441635,17.110938,-61.779381)
(441636,13.090775,-59.524293)
(441639,13.146711,-59.54763)
(441657,18.61501,-68.70798)
(441660,18.026,-63.04582)
(441662,18.029893,-63.083523)
(441663,18.04235,-63.058383)
(441669,8.88752,-64.24544)
(441719,42.97119,-73.79262)
(441727,36.066023,14.233561)
(441749,17.278466,-62.686177)
(441751,-16.49901,-68.146263)
(441752,18.185221,-63.13968)
(441765,12.107031,-68.929252)
(441782,13.120131,-59.603234)
(441786,16.330065,-86.523342)
(441841,-33.344296,-70.636597)
(441842,19.22207,-70.52956)
(441844,4.635456,-74.08768)
(441845,-25.201504,-57.531217)
(441848,10.435364,-61.264793)
(441868,46.458885,6.338641)
(441881,-34.722075,-56.444231)
(441894,13.266438,-59.626206)
(441930,23.25902,-109.718583)
(442178,19.36233,-99.28258)
(442184,19.364502,-99.223359)
(442278,16.899052,-99.835462)
(442577,19.565135,-99.249273)
(442615,19.297087,-99.537321)
(442857,20.756113,-105.339317)
(443709,20.727422,-100.276704)
(443719,20.497679,-86.94463)
(444396,21.81663,-71.752704)
(444937,50.780688,4.792712)
(444940,5.121996,-58.912352)
(444948,19.32281,-81.2487)
(444967,-19.261521,146.643491)
(444973,19.319996,-81.230744)
(444997,21.958624,-102.342395)
(445004,19.835017,-90.519526)
(445084,31.100025,-107.979983)
(445113,30.191353,-108.226399)
(445215,19.481139,-99.099276)
(445233,19.126569,-104.352016)
(445289,24.026912,-104.650288)
(445290,21.017563,-101.855403)
(445292,19.311346,-99.242886)
(445319,17.424203,-98.779004)
(445492,19.05,-99.53333)
(445527,19.763944,-104.364803)
(445562,18.945503,-99.495165)
(445571,19.423081,-99.041199)
(445586,21.867284,-101.592916)
(445587,20.614256,-103.305333)
(445592,19.635596,-98.914568)
(445596,19.547512,-99.193851)
(445598,19.945981,-99.827543)
(445613,20.124345,-99.848916)
(445800,20.271989,-102.476397)
(445839,25.973997,-100.450693)
(445870,17.071072,-96.727229)
(445961,25.418261,-100.146558)
(446423,18.794685,-88.723698)
(446479,18.909258,-98.433701)
(446538,19.076713,-98.315063)
(446544,26.825912,-109.639523)
(446579,18.030042,-92.781601)
(446736,19.417865,-98.03772)
(446763,23.743943,-99.146791)
(446876,20.391451,-99.985081)
(446951,23.920061,-102.289691)
(447026,23.920061,-102.289691)
(447241,23.920061,-102.289691)
(447264,21.072902,-89.519606)
(447291,10.435364,-61.264793)
(447323,-34.83346,-56.16735)
(447393,9.578507,-72.562312)
(447472,-34.83346,-56.16735)
(447528,-12.049141,-77.021217)
(447548,35.733495,139.191343)
